version https://git-lfs.github.com/spec/v1
oid sha256:0267f2483d402e2a994d120308521d77efee6359502b3c7a9d7a578fec3d23c8
size 183575671
